archive,measures,problem,RI
UEA_downsampled,PAM_DTW_D,ArticularyWordRecognition,0.99444508407817
UEA_downsampled,PAM_DTW_D,AtrialFibrillation,0.4064367816091955
UEA_downsampled,PAM_DTW_D,BasicMotions,0.8515822784810126
UEA_downsampled,PAM_DTW_D,CharacterTrajectories,0.9794795977465384
UEA_downsampled,PAM_DTW_D,Cricket,0.998199875853507
UEA_downsampled,PAM_DTW_D,DuckDuckGeese,0.3753535353535353
UEA_downsampled,PAM_DTW_D,Epilepsy,0.6582614465826143
UEA_downsampled,PAM_DTW_D,EthanolConcentration,0.6141973056208311
UEA_downsampled,PAM_DTW_D,ERing,0.9559197324414714
UEA_downsampled,PAM_DTW_D,FingerMovements,0.4999536607970343
UEA_downsampled,PAM_DTW_D,HandMovementDirection,0.6183558930340045
UEA_downsampled,PAM_DTW_D,Handwriting,0.9398055347059716
UEA_downsampled,PAM_DTW_D,Heartbeat,0.5600460232992954
UEA_downsampled,PAM_DTW_D,JapaneseVowels,0.8380800078247261
UEA_downsampled,PAM_DTW_D,Libras,0.918587124729186
UEA_downsampled,PAM_DTW_D,LSST,0.235759976889109
UEA_downsampled,PAM_DTW_D,MotorImagery,0.4993782717920648
UEA_downsampled,PAM_DTW_D,NATOPS,0.9295713401423708
UEA_downsampled,PAM_DTW_D,PenDigits,0.9320201085014456
UEA_downsampled,PAM_DTW_D,PEMS-SF,0.7806585214330088
UEA_downsampled,PAM_DTW_D,PhonemeSpectra,0.9439286530463
UEA_downsampled,PAM_DTW_D,RacketSports,0.7535025025681376
UEA_downsampled,PAM_DTW_D,SelfRegulationSCP1,0.6348306595365418
UEA_downsampled,PAM_DTW_D,SelfRegulationSCP2,0.4987362866268573
UEA_downsampled,PAM_DTW_D,SpokenArabicDigits,0.9222517251152256
UEA_downsampled,PAM_DTW_D,StandWalkJump,0.4558404558404557
UEA_downsampled,PAM_DTW_D,UWaveGestureLibrary,0.9403634292814248
UEA_downsampled,PAM_DTW_D,EigenWorms,0.316033641615037
UEA_downsampled,PAM_DTW_D,FaceDetection,0.5007031079175368
UEA_downsampled,PAM_DTW_D,InsectWingbeat,0.5930566566566566
UEA_downsampled,PAM_DTW_I,ArticularyWordRecognition,0.9925465838509316
UEA_downsampled,PAM_DTW_I,AtrialFibrillation,0.4850574712643677
UEA_downsampled,PAM_DTW_I,BasicMotions,1.0
UEA_downsampled,PAM_DTW_I,CharacterTrajectories,0.9750415416205972
UEA_downsampled,PAM_DTW_I,Cricket,0.9892489137181872
UEA_downsampled,PAM_DTW_I,DuckDuckGeese,0.4737575757575757
UEA_downsampled,PAM_DTW_I,Epilepsy,0.7178765759787658
UEA_downsampled,PAM_DTW_I,EthanolConcentration,0.609046458336374
UEA_downsampled,PAM_DTW_I,ERing,0.9129765886287624
UEA_downsampled,PAM_DTW_I,FingerMovements,0.4997520852641335
UEA_downsampled,PAM_DTW_I,HandMovementDirection,0.629580719709475
UEA_downsampled,PAM_DTW_I,Handwriting,0.9310953144853096
UEA_downsampled,PAM_DTW_I,Heartbeat,0.5843520782396088
UEA_downsampled,PAM_DTW_I,JapaneseVowels,0.8497691705790297
UEA_downsampled,PAM_DTW_I,Libras,0.9153002166511915
UEA_downsampled,PAM_DTW_I,LSST,0.4433715075729438
UEA_downsampled,PAM_DTW_I,MotorImagery,0.4992940648113061
UEA_downsampled,PAM_DTW_I,NATOPS,0.8787588981739398
UEA_downsampled,PAM_DTW_I,PenDigits,0.9108006042296072
UEA_downsampled,PAM_DTW_I,PEMS-SF,0.7811141022986126
UEA_downsampled,PAM_DTW_I,PhonemeSpectra,0.9438239864710452
UEA_downsampled,PAM_DTW_I,RacketSports,0.7426726116320241
UEA_downsampled,PAM_DTW_I,SelfRegulationSCP1,0.6278456837280366
UEA_downsampled,PAM_DTW_I,SelfRegulationSCP2,0.5002235800583252
UEA_downsampled,PAM_DTW_I,SpokenArabicDigits,0.9066723215739404
UEA_downsampled,PAM_DTW_I,StandWalkJump,0.4358974358974359
UEA_downsampled,PAM_DTW_I,UWaveGestureLibrary,0.9025999171671152
UEA_downsampled,PAM_DTW_I,EigenWorms,0.6907126395498489
UEA_downsampled,PAM_DTW_I,FaceDetection,0.4996246747749754
UEA_downsampled,PAM_DTW_I,InsectWingbeat,0.822087087087087
UEA_downsampled,PAM_SBD_D,ArticularyWordRecognition,0.9901839115285564
UEA_downsampled,PAM_SBD_D,AtrialFibrillation,0.5080459770114943
UEA_downsampled,PAM_SBD_D,BasicMotions,0.9023417721518988
UEA_downsampled,PAM_SBD_D,CharacterTrajectories,0.9737520138998578
UEA_downsampled,PAM_SBD_D,Cricket,0.9911235257603972
UEA_downsampled,PAM_SBD_D,DuckDuckGeese,0.6561616161616162
UEA_downsampled,PAM_SBD_D,Epilepsy,0.6500756469807565
UEA_downsampled,PAM_SBD_D,EthanolConcentration,0.5835804883744691
UEA_downsampled,PAM_SBD_D,ERing,0.9562541806020068
UEA_downsampled,PAM_SBD_D,FingerMovements,0.4999536607970343
UEA_downsampled,PAM_SBD_D,HandMovementDirection,0.62641135688346
UEA_downsampled,PAM_SBD_D,Handwriting,0.9353049680878722
UEA_downsampled,PAM_SBD_D,Heartbeat,0.5533822330888346
UEA_downsampled,PAM_SBD_D,JapaneseVowels,0.8408866392801253
UEA_downsampled,PAM_SBD_D,Libras,0.9034122562674094
UEA_downsampled,PAM_SBD_D,LSST,0.799933968882836
UEA_downsampled,PAM_SBD_D,MotorImagery,0.4988000505241884
UEA_downsampled,PAM_SBD_D,NATOPS,0.8389291241101825
UEA_downsampled,PAM_SBD_D,PenDigits,0.9191319072215184
UEA_downsampled,PAM_SBD_D,PEMS-SF,0.7791261130668874
UEA_downsampled,PAM_SBD_D,PhonemeSpectra,0.8784766214177979
UEA_downsampled,PAM_SBD_D,RacketSports,0.7914235132122485
UEA_downsampled,PAM_SBD_D,SelfRegulationSCP1,0.5870002546473134
UEA_downsampled,PAM_SBD_D,SelfRegulationSCP2,0.4987362866268573
UEA_downsampled,PAM_SBD_D,SpokenArabicDigits,0.9074966382112268
UEA_downsampled,PAM_SBD_D,StandWalkJump,0.5754985754985755
UEA_downsampled,PAM_SBD_D,UWaveGestureLibrary,0.9296438185959826
UEA_downsampled,PAM_SBD_D,EigenWorms,0.6582263326449374
UEA_downsampled,PAM_SBD_D,FaceDetection,0.4996118362851829
UEA_downsampled,PAM_SBD_D,InsectWingbeat,0.8341611611611611
UEA_downsampled,PAM_SBD_I,ArticularyWordRecognition,0.9801605817300412
UEA_downsampled,PAM_SBD_I,AtrialFibrillation,0.5701149425287355
UEA_downsampled,PAM_SBD_I,BasicMotions,0.8984177215189874
UEA_downsampled,PAM_SBD_I,CharacterTrajectories,0.9729580371715896
UEA_downsampled,PAM_SBD_I,Cricket,0.985996275605214
UEA_downsampled,PAM_SBD_I,DuckDuckGeese,0.4140606060606061
UEA_downsampled,PAM_SBD_I,Epilepsy,0.6317717319177173
UEA_downsampled,PAM_SBD_I,EthanolConcentration,0.5668559251528906
UEA_downsampled,PAM_SBD_I,ERing,0.8899264214046821
UEA_downsampled,PAM_SBD_I,FingerMovements,0.5017608897126971
UEA_downsampled,PAM_SBD_I,HandMovementDirection,0.6235647995304647
UEA_downsampled,PAM_SBD_I,Handwriting,0.929535765621244
UEA_downsampled,PAM_SBD_I,Heartbeat,0.5412052351502947
UEA_downsampled,PAM_SBD_I,JapaneseVowels,0.8361013302034429
UEA_downsampled,PAM_SBD_I,Libras,0.9064562055091304
UEA_downsampled,PAM_SBD_I,LSST,0.8014110024348975
UEA_downsampled,PAM_SBD_I,MotorImagery,0.4993614303959132
UEA_downsampled,PAM_SBD_I,NATOPS,0.847898483441659
UEA_downsampled,PAM_SBD_I,PenDigits,0.9285945164538868
UEA_downsampled,PAM_SBD_I,PEMS-SF,0.8025678194243115
UEA_downsampled,PAM_SBD_I,PhonemeSpectra,0.8779153526212349
UEA_downsampled,PAM_SBD_I,RacketSports,0.8096299696194785
UEA_downsampled,PAM_SBD_I,SelfRegulationSCP1,0.5855105678635091
UEA_downsampled,PAM_SBD_I,SelfRegulationSCP2,0.4987362866268573
UEA_downsampled,PAM_SBD_I,SpokenArabicDigits,0.8959423360261145
UEA_downsampled,PAM_SBD_I,StandWalkJump,0.6381766381766382
UEA_downsampled,PAM_SBD_I,UWaveGestureLibrary,0.9119797059432596
UEA_downsampled,PAM_SBD_I,EigenWorms,0.598276016880668
UEA_downsampled,PAM_SBD_I,FaceDetection,0.5000451353156763
UEA_downsampled,PAM_SBD_I,InsectWingbeat,0.7797437437437438
UEA_downsampled,PAM_ED,ArticularyWordRecognition,0.9832170883199516
UEA_downsampled,PAM_ED,AtrialFibrillation,0.3586206896551723
UEA_downsampled,PAM_ED,BasicMotions,0.4060126582278481
UEA_downsampled,PAM_ED,CharacterTrajectories,0.9711297846575052
UEA_downsampled,PAM_ED,Cricket,0.9262507759155802
UEA_downsampled,PAM_ED,DuckDuckGeese,0.3773737373737374
UEA_downsampled,PAM_ED,Epilepsy,0.6370006635700066
UEA_downsampled,PAM_ED,EthanolConcentration,0.6153722651175688
UEA_downsampled,PAM_ED,ERing,0.952040133779264
UEA_downsampled,PAM_ED,FingerMovements,0.4993628359592215
UEA_downsampled,PAM_ED,HandMovementDirection,0.6193096364770183
UEA_downsampled,PAM_ED,Handwriting,0.9291678317904642
UEA_downsampled,PAM_ED,Heartbeat,0.5905364590824105
UEA_downsampled,PAM_ED,JapaneseVowels,0.8405638693270735
UEA_downsampled,PAM_ED,Libras,0.9030114515629836
UEA_downsampled,PAM_ED,LSST,0.1907102472039948
UEA_downsampled,PAM_ED,MotorImagery,0.5000743828330035
UEA_downsampled,PAM_ED,NATOPS,0.8201841535128442
UEA_downsampled,PAM_ED,PenDigits,0.921652170028912
UEA_downsampled,PAM_ED,PEMS-SF,0.7811141022986126
UEA_downsampled,PAM_ED,PhonemeSpectra,0.9268750856986148
UEA_downsampled,PAM_ED,RacketSports,0.5213428627630974
UEA_downsampled,PAM_ED,SelfRegulationSCP1,0.6445059842118667
UEA_downsampled,PAM_ED,SelfRegulationSCP2,0.4995695042355228
UEA_downsampled,PAM_ED,SpokenArabicDigits,0.913631475589092
UEA_downsampled,PAM_ED,StandWalkJump,0.3618233618233618
UEA_downsampled,PAM_ED,UWaveGestureLibrary,0.9018948022364878
UEA_downsampled,PAM_ED,EigenWorms,0.3075035168058423
UEA_downsampled,PAM_ED,FaceDetection,0.50112838289191
UEA_downsampled,PAM_ED,InsectWingbeat,0.5401855855855857
UEA_downsampled,PAM_LCSS_D,ArticularyWordRecognition,0.9904384184214512
UEA_downsampled,PAM_LCSS_D,AtrialFibrillation,0.4022988505747126
UEA_downsampled,PAM_LCSS_D,BasicMotions,0.696487341772152
UEA_downsampled,PAM_LCSS_D,CharacterTrajectories,0.9677788658979624
UEA_downsampled,PAM_LCSS_D,Cricket,0.9930477963997518
UEA_downsampled,PAM_LCSS_D,DuckDuckGeese,0.2412121212121212
UEA_downsampled,PAM_LCSS_D,Epilepsy,0.6558433974784339
UEA_downsampled,PAM_LCSS_D,EthanolConcentration,0.4612745026491323
UEA_downsampled,PAM_LCSS_D,ERing,0.949226309921962
UEA_downsampled,PAM_LCSS_D,FingerMovements,0.498806765523633
UEA_downsampled,PAM_LCSS_D,HandMovementDirection,0.2629910861670518
UEA_downsampled,PAM_LCSS_D,Handwriting,0.929059413954994
UEA_downsampled,PAM_LCSS_D,Heartbeat,0.5238865717436119
UEA_downsampled,PAM_LCSS_D,JapaneseVowels,0.820173611111111
UEA_downsampled,PAM_LCSS_D,Libras,0.2781244196843082
UEA_downsampled,PAM_LCSS_D,LSST,0.3794845445916388
UEA_downsampled,PAM_LCSS_D,MotorImagery,0.4986877745498435
UEA_downsampled,PAM_LCSS_D,NATOPS,0.8535345094398019
UEA_downsampled,PAM_LCSS_D,PenDigits,0.4290887015560536
UEA_downsampled,PAM_LCSS_D,PEMS-SF,0.160604680057983
UEA_downsampled,PAM_LCSS_D,PhonemeSpectra,0.9461860688331278
UEA_downsampled,PAM_LCSS_D,RacketSports,0.5219264310537015
UEA_downsampled,PAM_LCSS_D,SelfRegulationSCP1,0.4991214667685256
UEA_downsampled,PAM_LCSS_D,SelfRegulationSCP2,0.4986946257464241
UEA_downsampled,PAM_LCSS_D,SpokenArabicDigits,0.8715217797681623
UEA_downsampled,PAM_LCSS_D,StandWalkJump,0.4472934472934473
UEA_downsampled,PAM_LCSS_D,UWaveGestureLibrary,0.9243000621246636
UEA_downsampled,PAM_LCSS_D,EigenWorms,0.7216964472778427
UEA_downsampled,PAM_LCSS_D,FaceDetection,0.4995115355836798
UEA_downsampled,PAM_LCSS_D,InsectWingbeat,0.6934136136136135
UEA_downsampled,PAM_LCSS_I,ArticularyWordRecognition,0.9883653991819422
UEA_downsampled,PAM_LCSS_I,AtrialFibrillation,0.3586206896551723
UEA_downsampled,PAM_LCSS_I,BasicMotions,0.8936708860759494
UEA_downsampled,PAM_LCSS_I,CharacterTrajectories,0.9651086189648816
UEA_downsampled,PAM_LCSS_I,Cricket,0.9767846058348852
UEA_downsampled,PAM_LCSS_I,DuckDuckGeese,0.2404040404040404
UEA_downsampled,PAM_LCSS_I,Epilepsy,0.6977889847378899
UEA_downsampled,PAM_LCSS_I,EthanolConcentration,0.635564053537285
UEA_downsampled,PAM_LCSS_I,ERing,0.9522853957636568
UEA_downsampled,PAM_LCSS_I,FingerMovements,0.4988415199258573
UEA_downsampled,PAM_LCSS_I,HandMovementDirection,0.6141630901287554
UEA_downsampled,PAM_LCSS_I,Handwriting,0.9310855029164888
UEA_downsampled,PAM_LCSS_I,Heartbeat,0.5834172299726736
UEA_downsampled,PAM_LCSS_I,JapaneseVowels,0.828752445226917
UEA_downsampled,PAM_LCSS_I,Libras,0.1306220984215413
UEA_downsampled,PAM_LCSS_I,LSST,0.7788745821468368
UEA_downsampled,PAM_LCSS_I,MotorImagery,0.4992154716292648
UEA_downsampled,PAM_LCSS_I,NATOPS,0.8372794800371401
UEA_downsampled,PAM_LCSS_I,PenDigits,0.8131574245525128
UEA_downsampled,PAM_LCSS_I,PEMS-SF,0.1605984675916338
UEA_downsampled,PAM_LCSS_I,PhonemeSpectra,0.9455461858403036
UEA_downsampled,PAM_LCSS_I,RacketSports,0.6763228640744868
UEA_downsampled,PAM_LCSS_I,SelfRegulationSCP1,0.6495136236312706
UEA_downsampled,PAM_LCSS_I,SelfRegulationSCP2,0.4992195528398833
UEA_downsampled,PAM_LCSS_I,SpokenArabicDigits,0.917827631190164
UEA_downsampled,PAM_LCSS_I,StandWalkJump,0.4216524216524216
UEA_downsampled,PAM_LCSS_I,UWaveGestureLibrary,0.9113015117001452
UEA_downsampled,PAM_LCSS_I,EigenWorms,0.3119930561791026
UEA_downsampled,PAM_LCSS_I,FaceDetection,0.4995115355836798
UEA_downsampled,PAM_LCSS_I,InsectWingbeat,0.6962282282282282
UEA_downsampled,PAM_Lorentzian,ArticularyWordRecognition,0.9830231783063172
UEA_downsampled,PAM_Lorentzian,AtrialFibrillation,0.3586206896551723
UEA_downsampled,PAM_Lorentzian,BasicMotions,0.560126582278481
UEA_downsampled,PAM_Lorentzian,CharacterTrajectories,0.9693567103669772
UEA_downsampled,PAM_Lorentzian,Cricket,0.9502358783364367
UEA_downsampled,PAM_Lorentzian,DuckDuckGeese,0.387070707070707
UEA_downsampled,PAM_Lorentzian,Epilepsy,0.6564034505640344
UEA_downsampled,PAM_Lorentzian,EthanolConcentration,0.6332695984703632
UEA_downsampled,PAM_Lorentzian,ERing,0.9607580824972132
UEA_downsampled,PAM_Lorentzian,FingerMovements,0.4989805375347543
UEA_downsampled,PAM_Lorentzian,HandMovementDirection,0.6170353251898317
UEA_downsampled,PAM_Lorentzian,Handwriting,0.9291992288106908
UEA_downsampled,PAM_Lorentzian,Heartbeat,0.5905364590824105
UEA_downsampled,PAM_Lorentzian,JapaneseVowels,0.8331670579029733
UEA_downsampled,PAM_Lorentzian,Libras,0.9057567316620242
UEA_downsampled,PAM_Lorentzian,LSST,0.6926581651603317
UEA_downsampled,PAM_Lorentzian,MotorImagery,0.4988982920017403
UEA_downsampled,PAM_Lorentzian,NATOPS,0.8096177653977097
UEA_downsampled,PAM_Lorentzian,PenDigits,0.8989117369976937
UEA_downsampled,PAM_Lorentzian,PEMS-SF,0.7811141022986126
UEA_downsampled,PAM_Lorentzian,PhonemeSpectra,0.9304600301659124
UEA_downsampled,PAM_Lorentzian,RacketSports,0.5167967127838613
UEA_downsampled,PAM_Lorentzian,SelfRegulationSCP1,0.6455373058314235
UEA_downsampled,PAM_Lorentzian,SelfRegulationSCP2,0.500361060963755
UEA_downsampled,PAM_Lorentzian,SpokenArabicDigits,0.9119410335214058
UEA_downsampled,PAM_Lorentzian,StandWalkJump,0.5555555555555556
UEA_downsampled,PAM_Lorentzian,UWaveGestureLibrary,0.9005466970387245
UEA_downsampled,PAM_Lorentzian,EigenWorms,0.3091197509802161
UEA_downsampled,PAM_Lorentzian,FaceDetection,0.5000451353156763
UEA_downsampled,PAM_Lorentzian,InsectWingbeat,0.6513273273273273
UEA_downsampled,PAM_MSM_D,ArticularyWordRecognition,0.9934785638539616
UEA_downsampled,PAM_MSM_D,AtrialFibrillation,0.3770114942528736
UEA_downsampled,PAM_MSM_D,BasicMotions,0.8215189873417723
UEA_downsampled,PAM_MSM_D,CharacterTrajectories,0.97858853261728
UEA_downsampled,PAM_MSM_D,Cricket,0.996399751707014
UEA_downsampled,PAM_MSM_D,DuckDuckGeese,0.3753535353535353
UEA_downsampled,PAM_MSM_D,Epilepsy,0.6596416721964167
UEA_downsampled,PAM_MSM_D,EthanolConcentration,0.6320114430837942
UEA_downsampled,PAM_MSM_D,ERing,0.9531326644370124
UEA_downsampled,PAM_MSM_D,FingerMovements,0.4992122335495829
UEA_downsampled,PAM_MSM_D,HandMovementDirection,0.2638934741939033
UEA_downsampled,PAM_MSM_D,Handwriting,0.934400341442595
UEA_downsampled,PAM_MSM_D,Heartbeat,0.5613116640299152
UEA_downsampled,PAM_MSM_D,JapaneseVowels,0.8372828638497651
UEA_downsampled,PAM_MSM_D,Libras,0.905827917053544
UEA_downsampled,PAM_MSM_D,LSST,0.1903924724526433
UEA_downsampled,PAM_MSM_D,MotorImagery,0.5006947075912593
UEA_downsampled,PAM_MSM_D,NATOPS,0.903206437635407
UEA_downsampled,PAM_MSM_D,PenDigits,0.9355853880388526
UEA_downsampled,PAM_MSM_D,PEMS-SF,0.7811141022986126
UEA_downsampled,PAM_MSM_D,PhonemeSpectra,0.938333790392614
UEA_downsampled,PAM_MSM_D,RacketSports,0.6077415688588726
UEA_downsampled,PAM_MSM_D,SelfRegulationSCP1,0.4991469314998726
UEA_downsampled,PAM_MSM_D,SelfRegulationSCP2,0.5014025829745867
UEA_downsampled,PAM_MSM_D,SpokenArabicDigits,0.9024162668365818
UEA_downsampled,PAM_MSM_D,StandWalkJump,0.4558404558404557
UEA_downsampled,PAM_MSM_D,UWaveGestureLibrary,0.927554359080555
UEA_downsampled,PAM_MSM_D,EigenWorms,0.3177995271018526
UEA_downsampled,PAM_MSM_D,FaceDetection,0.5009077213486031
UEA_downsampled,PAM_MSM_D,InsectWingbeat,0.6027727727727727
UEA_downsampled,PAM_MSM_I,ArticularyWordRecognition,0.9941584608392666
UEA_downsampled,PAM_MSM_I,AtrialFibrillation,0.3770114942528736
UEA_downsampled,PAM_MSM_I,BasicMotions,1.0
UEA_downsampled,PAM_MSM_I,CharacterTrajectories,0.9724313168009268
UEA_downsampled,PAM_MSM_I,Cricket,0.9848541278708878
UEA_downsampled,PAM_MSM_I,DuckDuckGeese,0.3644444444444444
UEA_downsampled,PAM_MSM_I,Epilepsy,0.739163901791639
UEA_downsampled,PAM_MSM_I,EthanolConcentration,0.6221228088100068
UEA_downsampled,PAM_MSM_I,ERing,0.9500780379041248
UEA_downsampled,PAM_MSM_I,FingerMovements,0.4995829471733086
UEA_downsampled,PAM_MSM_I,HandMovementDirection,0.5179193719966253
UEA_downsampled,PAM_MSM_I,Handwriting,0.9289858271888384
UEA_downsampled,PAM_MSM_I,Heartbeat,0.5707176758233855
UEA_downsampled,PAM_MSM_I,JapaneseVowels,0.8515111502347418
UEA_downsampled,PAM_MSM_I,Libras,0.9073939956669764
UEA_downsampled,PAM_MSM_I,LSST,0.1952622673434856
UEA_downsampled,PAM_MSM_I,MotorImagery,0.4991228439504301
UEA_downsampled,PAM_MSM_I,NATOPS,0.8684524914887032
UEA_downsampled,PAM_MSM_I,PenDigits,0.898870114998538
UEA_downsampled,PAM_MSM_I,PEMS-SF,0.7811141022986126
UEA_downsampled,PAM_MSM_I,PhonemeSpectra,0.9286455048219754
UEA_downsampled,PAM_MSM_I,RacketSports,0.6671256529626473
UEA_downsampled,PAM_MSM_I,SelfRegulationSCP1,0.6550292844410491
UEA_downsampled,PAM_MSM_I,SelfRegulationSCP2,0.5004860436050549
UEA_downsampled,PAM_MSM_I,SpokenArabicDigits,0.9274597339111524
UEA_downsampled,PAM_MSM_I,StandWalkJump,0.4358974358974359
UEA_downsampled,PAM_MSM_I,UWaveGestureLibrary,0.9136674259681092
UEA_downsampled,PAM_MSM_I,EigenWorms,0.6614588009936846
UEA_downsampled,PAM_MSM_I,FaceDetection,0.5001855562977806
UEA_downsampled,PAM_MSM_I,InsectWingbeat,0.637965965965966
UEA_downsampled,PAM_ERP_I,ArticularyWordRecognition,0.9911686108165428
UEA_downsampled,PAM_ERP_I,AtrialFibrillation,0.3949425287356322
UEA_downsampled,PAM_ERP_I,BasicMotions,0.9876582278481012
UEA_downsampled,PAM_ERP_I,CharacterTrajectories,0.9751565313536568
UEA_downsampled,PAM_ERP_I,Cricket,0.9863438857852266
UEA_downsampled,PAM_ERP_I,DuckDuckGeese,0.365050505050505
UEA_downsampled,PAM_ERP_I,Epilepsy,0.674293297942933
UEA_downsampled,PAM_ERP_I,EthanolConcentration,0.6149927750937778
UEA_downsampled,PAM_ERP_I,ERing,0.9507023411371238
UEA_downsampled,PAM_ERP_I,FingerMovements,0.4995366079703428
UEA_downsampled,PAM_ERP_I,HandMovementDirection,0.629580719709475
UEA_downsampled,PAM_ERP_I,Handwriting,0.9294003659715172
UEA_downsampled,PAM_ERP_I,Heartbeat,0.5696749604487271
UEA_downsampled,PAM_ERP_I,JapaneseVowels,0.8441461267605634
UEA_downsampled,PAM_ERP_I,Libras,0.9077499226245744
UEA_downsampled,PAM_ERP_I,LSST,0.4387712021790269
UEA_downsampled,PAM_ERP_I,MotorImagery,0.4992856441132303
UEA_downsampled,PAM_ERP_I,NATOPS,0.8563107397090682
UEA_downsampled,PAM_ERP_I,PenDigits,0.9069108761329304
UEA_downsampled,PAM_ERP_I,PEMS-SF,0.7811141022986126
UEA_downsampled,PAM_ERP_I,PhonemeSpectra,0.9435417523652816
UEA_downsampled,PAM_ERP_I,RacketSports,0.7860249601119051
UEA_downsampled,PAM_ERP_I,SelfRegulationSCP1,0.6570282658517953
UEA_downsampled,PAM_ERP_I,SelfRegulationSCP2,0.499180669351479
UEA_downsampled,PAM_ERP_I,SpokenArabicDigits,0.90204481179008
UEA_downsampled,PAM_ERP_I,StandWalkJump,0.4358974358974359
UEA_downsampled,PAM_ERP_I,UWaveGestureLibrary,0.8993269828121765
UEA_downsampled,PAM_ERP_I,EigenWorms,0.6755858848882105
UEA_downsampled,PAM_ERP_I,FaceDetection,0.4997201610428063
UEA_downsampled,PAM_ERP_I,InsectWingbeat,0.7883083083083083
UEA_downsampled,PAM_ERP_D,ArticularyWordRecognition,0.9921999697015604
UEA_downsampled,PAM_ERP_D,AtrialFibrillation,0.3770114942528736
UEA_downsampled,PAM_ERP_D,BasicMotions,0.8361708860759494
UEA_downsampled,PAM_ERP_D,CharacterTrajectories,0.9811591639024904
UEA_downsampled,PAM_ERP_D,Cricket,0.996399751707014
UEA_downsampled,PAM_ERP_D,DuckDuckGeese,0.3753535353535353
UEA_downsampled,PAM_ERP_D,Epilepsy,0.6582879893828799
UEA_downsampled,PAM_ERP_D,EthanolConcentration,0.6127975712638477
UEA_downsampled,PAM_ERP_D,ERing,0.9570791527313268
UEA_downsampled,PAM_ERP_D,FingerMovements,0.4997335495829472
UEA_downsampled,PAM_ERP_D,HandMovementDirection,0.6116796889329078
UEA_downsampled,PAM_ERP_D,Handwriting,0.937825069539494
UEA_downsampled,PAM_ERP_D,Heartbeat,0.5652955558751618
UEA_downsampled,PAM_ERP_D,JapaneseVowels,0.8311546361502348
UEA_downsampled,PAM_ERP_D,Libras,0.9053419993809966
UEA_downsampled,PAM_ERP_D,LSST,0.2986896950187776
UEA_downsampled,PAM_ERP_D,MotorImagery,0.4996477341304928
UEA_downsampled,PAM_ERP_D,NATOPS,0.8382342927886104
UEA_downsampled,PAM_ERP_D,PenDigits,0.9239265584900755
UEA_downsampled,PAM_ERP_D,PEMS-SF,0.7811141022986126
UEA_downsampled,PAM_ERP_D,PhonemeSpectra,0.9432533479592304
UEA_downsampled,PAM_ERP_D,RacketSports,0.6873429064760781
UEA_downsampled,PAM_ERP_D,SelfRegulationSCP1,0.6570282658517953
UEA_downsampled,PAM_ERP_D,SelfRegulationSCP2,0.4995695042355228
UEA_downsampled,PAM_ERP_D,SpokenArabicDigits,0.9202694255110018
UEA_downsampled,PAM_ERP_D,StandWalkJump,0.4358974358974359
UEA_downsampled,PAM_ERP_D,UWaveGestureLibrary,0.9237109132325532
UEA_downsampled,PAM_ERP_D,EigenWorms,0.3138786627158719
UEA_downsampled,PAM_ERP_D,FaceDetection,0.4994994994994995
UEA_downsampled,PAM_ERP_D,InsectWingbeat,0.6425957957957958
UEA_downsampled,PAM_TWE_D,ArticularyWordRecognition,0.9925162854113012
UEA_downsampled,PAM_TWE_D,AtrialFibrillation,0.3770114942528736
UEA_downsampled,PAM_TWE_D,BasicMotions,0.8420886075949368
UEA_downsampled,PAM_TWE_D,CharacterTrajectories,0.9778076133312272
UEA_downsampled,PAM_TWE_D,Cricket,0.996399751707014
UEA_downsampled,PAM_TWE_D,DuckDuckGeese,0.3753535353535353
UEA_downsampled,PAM_TWE_D,Epilepsy,0.6593231585932315
UEA_downsampled,PAM_TWE_D,EthanolConcentration,0.2543531884459883
UEA_downsampled,PAM_TWE_D,ERing,0.9499219620958752
UEA_downsampled,PAM_TWE_D,FingerMovements,0.4987951807228915
UEA_downsampled,PAM_TWE_D,HandMovementDirection,0.2638934741939033
UEA_downsampled,PAM_TWE_D,Handwriting,0.9346539704966124
UEA_downsampled,PAM_TWE_D,Heartbeat,0.5174744714511722
UEA_downsampled,PAM_TWE_D,JapaneseVowels,0.8370530125195618
UEA_downsampled,PAM_TWE_D,Libras,0.9048266790467346
UEA_downsampled,PAM_TWE_D,LSST,0.1903924724526433
UEA_downsampled,PAM_TWE_D,MotorImagery,0.4986877745498435
UEA_downsampled,PAM_TWE_D,NATOPS,0.9036861652739092
UEA_downsampled,PAM_TWE_D,PenDigits,0.931967319624468
UEA_downsampled,PAM_TWE_D,PEMS-SF,0.7811141022986126
UEA_downsampled,PAM_TWE_D,PhonemeSpectra,0.9386532748297456
UEA_downsampled,PAM_TWE_D,RacketSports,0.4521452145214521
UEA_downsampled,PAM_TWE_D,SelfRegulationSCP1,0.5334988540870895
UEA_downsampled,PAM_TWE_D,SelfRegulationSCP2,0.4993611998333565
UEA_downsampled,PAM_TWE_D,SpokenArabicDigits,0.8991256334132659
UEA_downsampled,PAM_TWE_D,StandWalkJump,0.4558404558404557
UEA_downsampled,PAM_TWE_D,UWaveGestureLibrary,0.9250207082211638
UEA_downsampled,PAM_TWE_D,EigenWorms,0.3119331956541259
UEA_downsampled,PAM_TWE_D,FaceDetection,0.4997642933514677
UEA_downsampled,PAM_TWE_D,InsectWingbeat,0.5439679679679681
UEA_downsampled,PAM_TWE_I,ArticularyWordRecognition,0.9889895470383274
UEA_downsampled,PAM_TWE_I,AtrialFibrillation,0.3586206896551723
UEA_downsampled,PAM_TWE_I,BasicMotions,0.9876582278481012
UEA_downsampled,PAM_TWE_I,CharacterTrajectories,0.9749088611593744
UEA_downsampled,PAM_TWE_I,Cricket,0.9764059590316572
UEA_downsampled,PAM_TWE_I,DuckDuckGeese,0.3644444444444444
UEA_downsampled,PAM_TWE_I,Epilepsy,0.7345189117451891
UEA_downsampled,PAM_TWE_I,EthanolConcentration,0.6221228088100068
UEA_downsampled,PAM_TWE_I,ERing,0.9565440356744704
UEA_downsampled,PAM_TWE_I,FingerMovements,0.4999536607970343
UEA_downsampled,PAM_TWE_I,HandMovementDirection,0.4713693554895271
UEA_downsampled,PAM_TWE_I,Handwriting,0.9272898975181636
UEA_downsampled,PAM_TWE_I,Heartbeat,0.5736876168560334
UEA_downsampled,PAM_TWE_I,JapaneseVowels,0.851056338028169
UEA_downsampled,PAM_TWE_I,Libras,0.9071463943051686
UEA_downsampled,PAM_TWE_I,LSST,0.2067042218645536
UEA_downsampled,PAM_TWE_I,MotorImagery,0.4990709163122956
UEA_downsampled,PAM_TWE_I,NATOPS,0.8638641287527081
UEA_downsampled,PAM_TWE_I,PenDigits,0.8829301075268816
UEA_downsampled,PAM_TWE_I,PEMS-SF,0.7811141022986126
UEA_downsampled,PAM_TWE_I,PhonemeSpectra,0.9144595274007038
UEA_downsampled,PAM_TWE_I,RacketSports,0.6511048455838961
UEA_downsampled,PAM_TWE_I,SelfRegulationSCP1,0.6433027756557168
UEA_downsampled,PAM_TWE_I,SelfRegulationSCP2,0.5022358005832522
UEA_downsampled,PAM_TWE_I,SpokenArabicDigits,0.9113360120441484
UEA_downsampled,PAM_TWE_I,StandWalkJump,0.6410256410256412
UEA_downsampled,PAM_TWE_I,UWaveGestureLibrary,0.8955477324497826
UEA_downsampled,PAM_TWE_I,EigenWorms,0.647032414474275
UEA_downsampled,PAM_TWE_I,FaceDetection,0.5004262779813882
UEA_downsampled,PAM_TWE_I,InsectWingbeat,0.6225585585585585
